02532000528190000001D880111970                                                                                                                     20214                                                                      0000330000320000300000451166                                                         P                                                                                                                    039
02532000528190000002D880111970                                                                                                                     20214                                                                      0000460000490000490000788969                                                         P                                                                                                                    039
02532001103720000001D880245870                                                                                                                     20214                                                                      0000850000820000820001211623                                                         P                                                                                                                    039
02532001103720000002D880245870                                                                                                                     20214                                                                      0000230000240000240001234772                                                         P                                                                                                                    039
02532001789930000003D954534194                                                                                                                     20214                                                                      0000100000110000110000110924                                                         P                                                                                                                    039
02532001789930000005D954534194                                                                                                                     20214                                                                      0000140000130000110000179751                                                         P                                                                                                                    039
02532001789930000009D954534194                                                                                                                     20214                                                                      0000060000050000050000054166                                                         P                                                                                                                    039
02532002299290000001D201142400                                                                                                                     20214                                                                      0000040000040000040000024799                                                         P                                                                                                                    039
02532002299290000002D201142400                                                                                                                     20214                                                                      0000040000040000040000031229                                                         P                                                                                                                    039
02532002299290000003D201142400                                                                                                                     20214                                                                      0000040000040000040000037850                                                         P                                                                                                                    039
02532002299290000005D201142400                                                                                                                     20214                                                                      0000040000040000040000029874                                                         P                                                                                                                    039
02532003056400000001D205204446                                                                                                                     20214                                                                      0000370000380000390000571229                                                         P                                                                                                                    039
02532003056400000002D205204446                                                                                                                     20214                                                                      0000180000190000190000381489                                                         P                                                                                                                    039
02532003370270000001D461608106                                                                                                                     20214                                                                      0000270000250000260000197206                                                         P                                                                                                                    039
02532003370270000002D461608106                                                                                                                     20214                                                                      0000080000080000080000099308                                                         P                                                                                                                    039
02532004000815900001D811073365                                                                                                                     20214                                                                      0000050000060000050000096075                                                         P                                                                                                                    039
02532004000815900004D811073365                                                                                                                     20214                                                                      0000060000060000060000079284                                                         P                                                                                                                    039
02532004000815900006D811073365                                                                                                                     20214                                                                      0000080000070000080000115109                                                         P                                                                                                                    039
02532004000815900007D811073365                                                                                                                     20214                                                                      0000080000080000070000105613                                                         P                                                                                                                    039
02532004000815900008D811073365                                                                                                                     20214                                                                      0000050000070000050000080360                                                         P                                                                                                                    039
02532004000815900012D811073365                                                                                                                     20214                                                                      0000060000070000060000090875                                                         P                                                                                                                    039
02532004000815900016D811073365                                                                                                                     20214                                                                      0000080000080000080000093575                                                         P                                                                                                                    039